256
83
214
1926
156
54
594
212
27
324
240
7
98
241
3
45
251
3
45
230
13
169
115
105
1050
33
421
3368
57
419
3352
90
210
1890
211
26
312
217
26
312
219
26
312
221
26
312
110
104
1040
31
417
3336
46
416
3328
42
415
3320
61
412
3296
95
207
1863
92
205
1845
53
412
3296
119
102
1020
162
52
572
229
25
300
223
25
300
88
204
1836
48
407
3256
12
1633
9798
8
1623
9738
13
1622
9732
120
102
1020
195
50
550
167
50
550
93
200
1800
94
200
1800
146
50
550
160
50
550
129
99
990
59
393
3144
99
198
1782
123
97
970
216
25
300
248
6
84
244
6
84
254
6
84
247
6
84
194
48
528
35
391
3128
39
391
3128
66
385
3080
125
97
970
117
96
960
131
95
950
132
95
950
14
1545
9270
62
383
3064
45
381
3048
155
48
528
208
47
517
112
95
950
139
95
950
135
95
950
101
190
1710
198
47
517
197
47
517
207
47
517
204
47
517
4
3045
15225
22
754
5278
34
374
2992
55
373
2984
37
373
2984
71
370
2960
64
370
2960
193
47
517
222
12
156
232
11
143
218
23
276
176
92
920
98
184
1656
15
1458
8748
196
46
506
205
45
495
126
91
910
187
90
900
179
90
900
136
90
900
180
89
890
97
178
1602
43
354
2832
60
351
2808
133
88
880
127
88
880
164
45
495
190
42
462
173
87
870
40
350
2800
38
348
2784
47
347
2776
7
1393
8358
6
1391
8346
58
347
2776
91
174
1566
178
85
850
130
85
850
69
342
2736
67
341
2728
9
2698
13490
17
1337
8022
19
1334
8004
68
337
2696
36
335
2680
100
166
1494
181
83
830
220
21
252
253
3
45
245
1
16
250
1
16
238
5
70
239
10
130
189
41
451
63
327
2616
27
654
4578
134
82
820
140
81
810
96
162
1458
80
323
2584
200
41
451
225
20
240
231
19
228
147
80
800
175
79
790
137
79
790
70
317
2536
73
314
2512
65
313
2504
142
78
780
206
39
429
202
38
418
184
77
770
174
77
770
104
154
1386
157
77
770
185
76
760
23
614
4298
56
305
2440
41
304
2432
72
303
2424
74
302
2416
102
153
1377
107
148
1332
151
74
740
228
19
228
235
5
70
249
4
56
237
9
117
226
18
216
233
18
216
106
146
1314
182
73
730
177
72
720
255
145
1305
75
290
2320
2
1165
6990
141
72
720
138
72
720
159
71
710
144
71
710
78
284
2272
183
70
700
170
70
700
103
138
1242
76
271
2168
11
2274
11370
16
2204
11020
20
1103
6618
25
546
3822
28
541
3787
51
541
3787
29
537
3759
77
270
2160
203
36
396
210
33
363
199
66
660
152
65
650
154
65
650
24
522
3654
79
259
2072
111
129
1161
150
64
640
143
64
640
85
257
2056
82
254
2032
148
64
640
188
63
630
165
63
630
163
63
630
81
253
2024
52
504
3528
18
2031
10155
3
2011
10055
109
126
1134
114
125
1125
242
4
56
252
4
56
246
8
104
234
8
104
243
7
91
213
31
341
172
62
620
169
62
620
201
61
610
30
496
3472
49
483
3381
153
61
610
191
60
600
186
60
600
149
60
600
108
120
1080
113
119
1071
26
478
3346
87
238
1904
105
117
1053
236
15
180
227
15
180
224
29
319
166
58
580
1
942
5652
21
934
5604
32
464
3248
44
461
3227
118
115
1035
121
114
1026
116
114
1026
128
114
1026
54
457
3199
0
898
5388
50
449
3143
215
29
319
214
28
308
209
56
560
124
111
999
86
222
1776
84
221
1768
192
55
550
171
55
550
161
55
550
158
55
550
89
218
1744
122
109
981
168
54
540
145
54
540
10
3521
14084
5
3414
13656
255
20
3361
16805
25
846
5922
126
210
1890
124
210
1890
72
420
3360
73
419
3352
147
105
1050
254
13
169
3
9
126
1
4
56
246
26
312
247
26
312
235
26
312
157
104
1040
228
52
572
196
51
561
10
827
5789
132
206
1854
148
102
1020
156
101
1010
122
203
1827
153
101
1010
155
101
1010
44
402
3216
125
202
1818
202
50
550
193
50
550
198
50
550
0
25
300
237
24
288
105
401
3208
128
199
1791
61
198
1782
131
196
1764
217
98
980
162
97
970
87
391
3128
19
1567
9402
33
1553
9318
14
1551
9306
79
389
3112
123
195
1755
50
192
1728
106
383
3064
88
382
3056
36
1536
9216
104
380
3040
103
378
3024
18
754
5278
129
191
1719
168
94
940
240
23
276
242
23
276
199
46
506
100
371
2968
30
744
5208
15
731
5117
31
730
5110
35
1446
8676
48
365
2920
149
91
910
230
45
495
231
45
495
60
181
1629
107
359
2872
218
90
900
158
89
890
133
177
1593
40
714
4998
28
705
4935
71
349
2792
47
346
2768
165
87
870
164
86
860
134
172
1548
9
345
2760
41
686
4802
82
343
2744
112
341
2728
7
682
4774
113
340
2720
101
339
2712
11
1350
8100
24
674
4718
150
85
850
152
85
850
253
11
143
250
10
130
244
21
252
195
42
462
208
83
830
80
336
2688
70
335
2680
51
167
1503
170
83
830
171
83
830
69
332
2656
49
329
2632
81
329
2632
192
82
820
159
81
810
55
161
1449
45
324
2592
130
161
1449
53
160
1440
12
2594
12970
111
320
2560
135
158
1422
177
79
790
232
40
440
233
38
418
42
628
4396
37
1254
7524
102
311
2488
221
78
780
220
77
770
169
77
770
167
77
770
219
77
770
175
77
770
52
154
1386
54
154
1386
59
153
1377
29
612
4284
114
306
2448
108
302
2416
22
1216
7296
68
301
2408
174
76
760
227
75
750
163
75
750
204
74
740
16
598
4186
13
1184
7104
56
149
1341
139
148
1332
57
147
1323
166
73
730
173
73
730
110
292
2336
255
37
407
234
36
396
223
73
730
58
145
1305
117
287
2296
212
72
720
248
19
228
251
16
192
236
35
385
191
70
700
185
70
700
93
561
3927
140
140
1260
178
70
700
206
69
690
118
279
2232
46
278
2224
189
69
690
187
69
690
229
68
680
215
68
680
38
1082
6492
32
1073
6438
109
270
2160
205
68
680
181
68
680
216
66
660
179
66
660
92
534
3738
75
529
3703
136
132
1188
137
131
1179
65
260
2080
8
518
3626
213
65
650
210
65
650
207
65
650
241
33
363
238
31
341
120
256
2048
115
256
2048
138
128
1152
184
64
640
222
63
630
186
63
630
5
63
630
142
125
1125
119
249
1992
21
2018
10090
91
499
3493
84
496
3472
197
62
620
188
62
620
145
124
1116
146
124
1116
180
62
620
190
61
610
90
495
3465
17
489
3423
116
245
1960
67
241
1928
74
481
3367
89
480
3360
225
60
600
209
60
600
141
120
1080
63
239
1912
43
476
3332
94
468
3276
243
15
180
4
15
180
239
29
319
211
59
590
6
118
1062
226
58
580
214
58
580
154
115
1035
121
230
1840
144
115
1035
182
58
580
203
56
560
86
459
3213
23
907
5442
83
456
3192
76
450
3150
66
225
1800
151
114
1026
176
55
550
183
55
550
78
445
3115
98
442
3094
77
440
3080
200
55
550
194
55
550
249
14
168
252
13
156
245
27
297
172
54
540
62
217
1736
99
433
3031
26
865
5190
95
430
3010
96
430
3010
34
1709
8545
143
108
972
161
107
963
224
53
530
201
53
530
160
106
954
97
424
2968
27
851
5106
39
847
5082
127
212
1696
64
211
1688
85
423
2961
256
64
421
3368
44
211
1899
40
209
1881
126
419
3352
232
104
1040
252
28
336
251
27
324
2
24
288
254
24
288
137
207
1863
8
1652
9912
74
824
5768
5
412
3296
123
205
1845
121
205
1845
136
204
1836
105
102
1020
236
100
1000
159
404
3232
67
404
3232
46
201
1809
42
200
1800
63
401
3208
165
400
3200
26
398
3184
45
199
1791
192
198
1782
161
396
3168
71
395
3160
78
791
5537
85
394
3152
217
99
990
237
97
970
199
196
1764
61
392
3136
188
196
1764
118
195
1755
13
783
5481
39
195
1755
38
194
1746
127
388
3104
191
193
1737
194
193
1737
90
193
1737
104
96
960
240
95
950
170
384
3072
59
381
3048
151
380
3040
162
377
3016
158
375
3000
197
189
1701
195
185
1665
166
374
2992
94
185
1665
229
92
920
235
92
920
156
368
2944
129
368
2944
168
366
2928
41
183
1647
115
182
1638
172
365
2920
153
364
2912
9
725
5075
198
182
1638
100
181
1629
246
48
528
247
43
473
233
89
890
196
178
1602
6
1421
8526
21
1419
8514
88
178
1602
189
178
1602
57
351
2808
28
350
2800
200
177
1593
202
172
1548
154
346
2768
29
343
2744
22
686
4802
0
172
1548
98
170
1530
25
342
2736
70
682
4774
62
341
2728
193
170
1530
92
168
1512
23
678
4746
55
338
2704
149
338
2704
112
167
1503
203
167
1503
169
334
2672
164
333
2664
167
332
2656
80
664
4648
79
664
4648
160
332
2656
171
331
2648
72
659
4613
204
166
1494
107
163
1467
128
328
2624
20
657
4599
77
652
4564
131
326
2608
95
163
1467
207
162
1458
125
325
2600
122
325
2600
119
161
1449
201
161
1449
174
321
2568
113
159
1431
222
157
1413
32
315
2520
17
1272
7632
116
156
1404
239
79
790
253
21
252
1
18
216
250
37
407
56
311
2488
96
155
1395
4
155
1395
30
308
2464
54
308
2464
124
306
2448
11
614
4298
14
1221
7326
111
154
1386
93
151
1359
60
303
2424
173
303
2424
205
150
1350
241
74
740
245
74
740
150
298
2384
87
297
2376
175
296
2368
206
146
1314
244
73
730
242
72
720
177
291
2328
114
145
1305
109
145
1305
84
290
2320
147
288
2304
19
1155
6930
27
287
2296
148
283
2264
142
282
2256
58
281
2248
117
140
1260
110
138
1242
146
277
2216
68
549
3843
66
549
3843
176
273
2184
34
272
2176
12
538
3766
248
37
407
249
34
374
243
64
640
220
135
1215
208
134
1206
221
131
1179
82
535
3745
135
265
2120
152
263
2104
130
263
2104
31
262
2096
213
131
1179
224
130
1170
180
261
2088
108
130
1170
212
130
1170
53
260
2080
102
130
1170
106
129
1161
182
259
2072
184
258
2064
139
258
2064
33
258
2064
99
129
1161
101
128
1152
73
513
3591
140
255
2040
132
255
2040
15
1023
6138
186
255
2040
144
255
2040
178
254
2032
97
127
1143
230
126
1134
7
1012
6072
133
252
2016
89
251
2008
227
124
1116
210
124
1116
145
248
1984
83
493
3451
187
246
1968
143
246
1968
75
489
3423
120
244
1952
47
244
1952
86
244
1952
214
122
1098
226
121
1089
103
121
1089
218
120
1080
52
240
1920
76
962
5772
181
239
1912
190
238
1904
223
119
1071
231
118
1062
179
237
1896
18
946
5676
219
118
1062
225
117
1053
134
234
1872
209
117
1053
211
116
1044
138
233
1864
81
466
3262
238
115
1035
215
115
1035
51
230
1840
163
452
3164
141
225
1800
255
225
1800
10
1812
9060
50
225
1800
91
225
1800
69
445
3115
48
222
1776
183
222
1776
155
442
3094
65
441
3087
228
113
1017
216
108
972
185
218
1744
157
439
3073
37
218
1744
43
216
1728
16
433
3031
24
432
3024
35
215
1720
36
213
1704
3
106
954
234
105
945
49
211
1688
